1, 16/09/2019, 0.000000, 242.000000
2, 17/09/2019, -0.008264, 240.000000
3, 18/09/2019, 0.004167, 241.000000
4, 19/09/2019, 0.004149, 242.000000
5, 20/09/2019, -0.016529, 238.000000
6, 23/09/2019, 0.000000, 238.000000
7, 24/09/2019, 0.000000, 238.000000
8, 25/09/2019, -0.004202, 237.000000
9, 26/09/2019, -0.004219, 236.000000
10, 27/09/2019, -0.008475, 234.000000
11, 30/09/2019, 0.026208, 240.132645
12, 01/10/2019, 0.001290, 240.442474
13, 02/10/2019, 0.001963, 240.914413
14, 03/10/2019, -0.000654, 240.756958
15, 04/10/2019, -0.001018, 240.511749
16, 07/10/2019, -0.003372, 239.700851
17, 08/10/2019, -0.002210, 239.171143
18, 09/10/2019, -0.002102, 238.668396
19, 10/10/2019, -0.002258, 238.129395
20, 11/10/2019, 0.001059, 238.381607
