1, 16/09/2019, 0.000000, 242.000000
2, 17/09/2019, -0.008264, 240.000000
3, 18/09/2019, 0.004167, 241.000000
4, 19/09/2019, 0.004149, 242.000000
5, 20/09/2019, -0.016529, 238.000000
6, 23/09/2019, 0.000000, 238.000000
7, 24/09/2019, 0.000000, 238.000000
8, 25/09/2019, -0.004202, 237.000000
9, 26/09/2019, -0.004219, 236.000000
10, 27/09/2019, -0.008475, 234.000000
11, 30/09/2019, 0.013418, 237.139832
12, 01/10/2019, 0.003700, 238.017136
13, 02/10/2019, 0.001921, 238.474274
14, 03/10/2019, 0.002687, 239.115005
15, 04/10/2019, 0.002944, 239.819031
16, 07/10/2019, 0.001032, 240.066422
17, 08/10/2019, -0.000755, 239.885284
18, 09/10/2019, -0.001050, 239.633469
19, 10/10/2019, -0.003168, 238.874207
20, 11/10/2019, -0.004942, 237.693619
