1, 16/09/2019, 0.000000, 242.000000
2, 17/09/2019, -0.008264, 240.000000
3, 18/09/2019, 0.004167, 241.000000
4, 19/09/2019, 0.004149, 242.000000
5, 20/09/2019, -0.016529, 238.000000
6, 23/09/2019, 0.000000, 238.000000
7, 24/09/2019, 0.000000, 238.000000
8, 25/09/2019, -0.004202, 237.000000
9, 26/09/2019, -0.004219, 236.000000
10, 27/09/2019, -0.008475, 234.000000
11, 30/09/2019, 0.022673, 239.305405
12, 01/10/2019, 0.007210, 241.030914
13, 02/10/2019, 0.002952, 241.742462
14, 03/10/2019, -0.002502, 241.137512
15, 04/10/2019, -0.004790, 239.982346
16, 07/10/2019, -0.005171, 238.741348
17, 08/10/2019, -0.006324, 237.231628
18, 09/10/2019, -0.002248, 236.698380
19, 10/10/2019, 0.001245, 236.993011
20, 11/10/2019, 0.004443, 238.046036
