1, 16/09/2019, 0.000000, 242.000000
2, 17/09/2019, -0.008264, 240.000000
3, 18/09/2019, 0.004167, 241.000000
4, 19/09/2019, 0.004149, 242.000000
5, 20/09/2019, -0.016529, 238.000000
6, 23/09/2019, 0.000000, 238.000000
7, 24/09/2019, 0.000000, 238.000000
8, 25/09/2019, -0.004202, 237.000000
9, 26/09/2019, -0.004219, 236.000000
10, 27/09/2019, -0.008475, 234.000000
11, 30/09/2019, 0.042514, 243.948273
12, 01/10/2019, 0.002185, 244.481277
13, 02/10/2019, -0.000554, 244.345901
14, 03/10/2019, -0.004014, 243.365158
15, 04/10/2019, -0.002075, 242.860092
16, 07/10/2019, -0.004919, 241.665573
17, 08/10/2019, -0.004296, 240.627319
18, 09/10/2019, -0.001786, 240.197586
19, 10/10/2019, 0.021284, 245.309875
20, 11/10/2019, -0.007726, 243.414612
