1, 16/09/2019, 0.000000, 242.000000
2, 17/09/2019, -0.008264, 240.000000
3, 18/09/2019, 0.004167, 241.000000
4, 19/09/2019, 0.004149, 242.000000
5, 20/09/2019, -0.016529, 238.000000
6, 23/09/2019, 0.000000, 238.000000
7, 24/09/2019, 0.000000, 238.000000
8, 25/09/2019, -0.004202, 237.000000
9, 26/09/2019, -0.004219, 236.000000
10, 27/09/2019, -0.008475, 234.000000
11, 30/09/2019, 0.017845, 238.175659
12, 01/10/2019, 0.000527, 238.301086
13, 02/10/2019, 0.000569, 238.436798
14, 03/10/2019, 0.000954, 238.664185
15, 04/10/2019, 0.001103, 238.927490
16, 07/10/2019, 0.000832, 239.126236
17, 08/10/2019, 0.000892, 239.339462
18, 09/10/2019, 0.000688, 239.504105
19, 10/10/2019, -0.001306, 239.191376
20, 11/10/2019, -0.000125, 239.161407
