1, 16/09/2019, 0.000000, 242.000000
2, 17/09/2019, -0.008264, 240.000000
3, 18/09/2019, 0.004167, 241.000000
4, 19/09/2019, 0.004149, 242.000000
5, 20/09/2019, -0.016529, 238.000000
6, 23/09/2019, 0.000000, 238.000000
7, 24/09/2019, 0.000000, 238.000000
8, 25/09/2019, -0.004202, 237.000000
9, 26/09/2019, -0.004219, 236.000000
10, 27/09/2019, -0.008475, 234.000000
11, 30/09/2019, 0.021909, 239.126770
12, 01/10/2019, 0.000644, 239.280685
13, 02/10/2019, -0.003536, 238.434479
14, 03/10/2019, 0.000710, 238.603836
15, 04/10/2019, -0.000317, 238.528107
16, 07/10/2019, -0.002359, 237.965485
17, 08/10/2019, -0.002335, 237.409805
18, 09/10/2019, -0.002251, 236.875305
19, 10/10/2019, 0.007535, 238.660217
20, 11/10/2019, -0.002863, 237.977051
