1, 16/09/2019, 0.000000, 242.000000
2, 17/09/2019, -0.008264, 240.000000
3, 18/09/2019, 0.004167, 241.000000
4, 19/09/2019, 0.004149, 242.000000
5, 20/09/2019, -0.016529, 238.000000
6, 23/09/2019, 0.000000, 238.000000
7, 24/09/2019, 0.000000, 238.000000
8, 25/09/2019, -0.004202, 237.000000
9, 26/09/2019, -0.004219, 236.000000
10, 27/09/2019, -0.008475, 234.000000
11, 30/09/2019, 0.015069, 237.526108
12, 01/10/2019, 0.001163, 237.802460
13, 02/10/2019, -0.000683, 237.640045
14, 03/10/2019, -0.001066, 237.386658
15, 04/10/2019, 0.002174, 237.902634
16, 07/10/2019, 0.002242, 238.436111
17, 08/10/2019, 0.003788, 239.339233
18, 09/10/2019, 0.002622, 239.966888
19, 10/10/2019, 0.001709, 240.376877
20, 11/10/2019, 0.002261, 240.920395
