1, 16/09/2019, 0.000000, 242.000000
2, 17/09/2019, -0.008264, 240.000000
3, 18/09/2019, 0.004167, 241.000000
4, 19/09/2019, 0.004149, 242.000000
5, 20/09/2019, -0.016529, 238.000000
6, 23/09/2019, 0.000000, 238.000000
7, 24/09/2019, 0.000000, 238.000000
8, 25/09/2019, -0.004202, 237.000000
9, 26/09/2019, -0.004219, 236.000000
10, 27/09/2019, -0.008475, 234.000000
11, 30/09/2019, 0.020486, 238.793701
12, 01/10/2019, 0.000202, 238.841980
13, 02/10/2019, 0.000032, 238.849594
14, 03/10/2019, 0.000237, 238.906097
15, 04/10/2019, 0.000156, 238.943451
16, 07/10/2019, -0.000116, 238.915665
17, 08/10/2019, -0.000144, 238.881348
18, 09/10/2019, -0.000198, 238.833984
19, 10/10/2019, 0.000000, 238.833984
20, 11/10/2019, -0.000026, 238.827713
