1, 16/09/2019, 0.000000, 242.000000
2, 17/09/2019, -0.008264, 240.000000
3, 18/09/2019, 0.004167, 241.000000
4, 19/09/2019, 0.004149, 242.000000
5, 20/09/2019, -0.016529, 238.000000
6, 23/09/2019, 0.000000, 238.000000
7, 24/09/2019, 0.000000, 238.000000
8, 25/09/2019, -0.004202, 237.000000
9, 26/09/2019, -0.004219, 236.000000
10, 27/09/2019, -0.008475, 234.000000
11, 30/09/2019, 0.016504, 237.861877
12, 01/10/2019, 0.002213, 238.388184
13, 02/10/2019, 0.000046, 238.399078
14, 03/10/2019, 0.001344, 238.719589
15, 04/10/2019, 0.000658, 238.876556
16, 07/10/2019, 0.000961, 239.106125
17, 08/10/2019, -0.000468, 238.994217
18, 09/10/2019, 0.001419, 239.333298
19, 10/10/2019, 0.004045, 240.301361
20, 11/10/2019, 0.000673, 240.463043
