1, 16/09/2019, 0.000000, 242.000000
2, 17/09/2019, -0.008264, 240.000000
3, 18/09/2019, 0.004167, 241.000000
4, 19/09/2019, 0.004149, 242.000000
5, 20/09/2019, -0.016529, 238.000000
6, 23/09/2019, 0.000000, 238.000000
7, 24/09/2019, 0.000000, 238.000000
8, 25/09/2019, -0.004202, 237.000000
9, 26/09/2019, -0.004219, 236.000000
10, 27/09/2019, -0.008475, 234.000000
11, 30/09/2019, 0.021810, 239.103500
12, 01/10/2019, -0.000189, 239.058273
13, 02/10/2019, 0.000093, 239.080566
14, 03/10/2019, -0.000333, 239.001022
15, 04/10/2019, -0.000447, 238.894226
16, 07/10/2019, -0.000084, 238.874237
17, 08/10/2019, -0.000471, 238.761703
18, 09/10/2019, -0.000441, 238.656479
19, 10/10/2019, -0.002568, 238.043671
20, 11/10/2019, 0.001251, 238.341400
